 2134.0156  344.6174  2
 2369.6101  409.2878  2
 2286.6580  496.4876  2
 1242.5165  679.7041  2
 1281.5681  713.7176  2
  491.2119  717.4528  1
 1191.9960  720.0377  2
  605.9556  726.3727  1
 1318.6926  727.3557  2
 1303.2767  731.0434  2
  478.2704  732.7100  2
 1268.2544  746.9784  2
  594.3564  756.5291  3
 1309.5481  757.6512  2
  474.2718  762.2681  3
  458.5312  763.4490  3
  592.0421  763.6287  3
  659.7739  781.5551  3
  511.0925  789.7377  2
 1217.0287  793.8962  2
 1450.9460  797.3344  2
 1587.2897  798.5483  2
 1189.4570  800.4225  3
  451.6182  801.8918  3
  600.5112  806.5497  3
 1147.6248  806.9299  2
  680.0596  807.3851  3
 1279.5115  807.4988  2
 1418.0465  810.5856  2
 1467.2230  810.8819  1
  606.9161  813.8531  2
 1142.0430  818.8611  2
 1463.5977  819.0667  2
  490.6187  819.6224  2
 1319.7598  821.6555  2
 1491.1434  821.7762  2
  484.8793  835.2740  3
  644.3870  835.8508  3
 1341.3831  837.6320  2
 1508.3628  839.1106  2
 1363.4120  839.1215  2
  457.8417  844.2163  3
 1492.5797  844.4586  2
  433.6993  847.9170  3
  644.9377  847.9633  3
 1215.6605  850.6744  2
 1283.2986  851.1864  2
  590.8214  856.0608  3
 1443.3700  860.5643  2
 1392.8983  866.0276  3
 1165.6658  866.1922  2
 1494.6847  869.1953  2
  443.0316  870.6854  1
 1460.7407  871.0005  2
 1539.6522  871.9937  2
 1440.6171  874.0533  3
 1664.1340  882.3622  2
  427.5741  882.3826  1
  448.1357  882.7234  3
  599.1522  883.3642  3
 1236.0427  889.8734  2
 1532.6653  894.7349  1
  662.1946  897.7139  1
  520.8608  906.4991  1
 1509.2812  910.3377  2
 1279.1591  914.9388  3
 1332.0730  918.1936  2
 1257.0519  919.7142  2
  569.6709  920.3799  1
  625.6852  936.2684  3
  577.9715  936.6438  1
 1280.5066  937.2633  2
 3032.5737  938.5566  2
 1464.9192  942.4046  2
 1597.6368  944.6364  2
 1274.6104  953.2904  2
 1440.2566  953.4099  2
 1493.2648  953.6197  2
  578.5981  954.4078  3
  527.8204  954.4839  3
  509.0662  956.6981  3
  474.1024  958.5297  2
 3076.2419  964.2771  2
 1334.0983  964.7801  2
 3022.6184  965.3405  2
  494.3459  968.8482  3
  474.0643  971.7733  3
 1440.9301  976.4237  2
  418.1427  980.1105  3
 3060.3691  981.4930  2
 1432.1519  982.8992  2
  418.3205  997.0314  1
 3003.6455  997.1033  2
  406.8475  997.7058  3
  612.0385  997.7372  3
 1625.6183 1001.2895  2
 3031.2854 1001.5389  2
  585.8788 1012.4792  3
 1448.3809 1016.9403  2
 2963.9814 1017.1452  2
 1360.2876 1017.3098  2
 1476.9436 1019.2756  2
 3141.0659 1025.9564  2
  527.1984 1032.2678  2
  622.5985 1037.6248  3
  472.0472 1037.8000  2
 3103.6775 1040.0231  2
 3169.8567 1041.4045  2
 3054.3315 1042.5161  2
 2944.9365 1046.4531  2
 3091.2083 1051.8237  2
  623.1065 1054.7372  1
  398.9311 1055.4570  1
  432.2458 1057.9709  3
  583.9838 1063.6107  3
  574.4955 1069.5751  3
 2911.1865 1069.9277  2
 2997.1753 1072.4490  2
 2954.9409 1074.8306  2
  397.0338 1084.5181  2
 1564.4288 1085.0305  2
  426.7327 1085.1890  3
  574.0809 1092.8370  3
  561.9850 1093.5345  2
 1578.2461 1100.7443  2
  672.9973 1101.1671  2
 3196.6301 1102.3055  2
  793.2382 1112.1351  2
  751.7532 1114.1412  2
 3077.6565 1117.0944  2
  576.7080 1122.1216  3
 1497.0726 1136.7476  2
  674.7709 1136.9779  2
  601.2784 1137.0063  2
  687.6242 1142.7233  2
 2878.6960 1147.8784  2
 2892.5938 1151.3242  2
  488.9103 1153.8333  2
  632.2892 1153.9307  2
  783.4500 1170.8901  2
 2790.6882 1174.6353  2
 3046.9431 1175.2422  2
 3111.7378 1178.8285  2
  486.1513 1179.1984  2
  423.8838 1183.1401  2
 2767.8699 1183.8087  2
  711.2727 1187.4830  2
  738.6143 1195.4375  2
 2978.6262 1197.6852  2
 3047.8015 1198.2899  2
 2919.8379 1201.4788  2
  483.2686 1202.2805  2
  466.8853 1203.8533  2
  756.7297 1206.9620  2
 2899.0693 1208.9174  2
 2966.9419 1210.0381  2
 3032.3206 1210.6146  2
  745.2582 1211.9558  2
  809.5730 1217.4672  2
 2856.0229 1217.4995  2
 3026.1028 1221.3580  2
  682.6552 1222.9718  2
 2993.5320 1224.5067  2
  717.0818 1231.1116  2
 3058.7900 1232.0424  2
 2986.7854 1237.7390  2
  643.4651 1238.3782  2
  558.9716 1239.0159  2
 3039.8645 1246.5956  2
 2839.7920 1247.4265  2
 2832.8777 1261.1710  2
  779.1415 1276.7109  2
  676.2267 1282.8445  2
  532.4324 1288.9386  2
 2895.2573 1290.2563  2
 1293.5859 1295.2312  2
 1272.1342 1296.5070  1
  691.2878 1302.0745  2
  688.3847 1308.5750  2
  622.4500 1309.0214  2
 2959.6675 1310.9830  2
 1409.0900 1312.8916  3
  598.8488 1314.5416  2
 1307.4355 1322.2533  3
 1508.3424 1323.8838  3
  551.9119 1329.6729  2
 1436.8508 1333.8097  3
  620.5190 1339.1316  2
  651.2062 1342.9399  2
 1347.7684 1346.4741  3
 1511.3679 1349.1028  3
 1301.6965 1351.7480  3
  568.9560 1351.7520  2
  598.6993 1354.8680  2
 1387.3287 1364.1501  3
  679.9819 1365.0099  2
 1479.2048 1375.9739  2
 1402.0532 1386.4447  3
 1263.0181 1395.9551  3
  490.7432 1404.2867  2
 1347.4387 1407.6660  3
 1295.0686 1411.3604  3
 1438.8331 1420.6425  3
 1508.4613 1441.1304  3
 1278.2589 1442.6022  3
 1512.1617 1448.1818  2
 1291.0809 1452.3750  3
 1292.5151 1458.8767  3
 1253.9996 1463.5690  3
 1252.9929 1470.5408  2
 1254.1085 1480.4806  3
 1436.6455 1505.5789  3
 1400.3712 1511.5708  3
 1403.0587 1518.0422  3
 1288.7161 1525.8700  3
 1377.9960 1552.1077  3
 1448.2396 1558.7102  3
 1339.3928 1563.4459  2
 1459.8069 1587.0593  3
 1477.2120 1590.9537  3
 1425.8757 1595.3403  3
 1285.3125 1599.5942  3
 1301.0758 1605.2424  3
 1292.5302 1612.4176  3
 1093.8601 1614.1293  2
 1077.8567 1617.8815  2
 1311.0391 1619.4166  1
 1283.2426 1624.9998  3
  212.3639 1625.4659  1
  312.5589 1634.5120  2
  290.4221 1636.9032  2
 1422.6648 1643.6438  3
 1378.4469 1646.6511  1
 1255.5408 1653.0342  3
  187.2473 1653.4369  3
 1132.9447 1654.4425  2
 1435.1824 1654.4658  2
 1107.1472 1660.2440  2
  143.3948 1664.0732  3
  338.6451 1666.5809  2
 1176.0487 1667.4255  2
 1177.7950 1674.1953  2
  395.5247 1679.0116  2
 1323.1599 1680.6237  3
 1485.0967 1681.0001  3
 1300.2821 1686.3452  1
  137.5492 1690.0872  3
  244.6753 1690.1814  2
  197.4836 1691.1903  1
 1151.3260 1692.1505  2
  395.1131 1694.1843  2
  440.0460 1697.7247  2
 1115.7413 1698.2404  2
 1301.2556 1703.3429  2
  326.6313 1703.6648  2
  291.7134 1704.2495  2
 1114.0662 1718.1061  2
 1299.7883 1727.4568  1
 1179.5702 1729.0067  2
  316.3377 1732.0865  2
  192.4266 1734.4928  2
 1261.1217 1735.8190  2
 1367.0741 1741.9189  1
 1370.6674 1743.0197  1
 1276.6300 1743.8159  2
  491.6660 1744.7878  2
 3212.6824 1744.9844  2
 1121.2307 1745.7079  2
  382.6619 1745.9463  2
 1302.8176 1748.0479  2
  518.0099 1750.6787  2
 1282.2748 1750.8872  1
  445.3806 1750.9377  2
 1351.3094 1753.4384  2
 1152.8353 1754.7043  2
 1331.8663 1758.2208  1
  197.4398 1759.1956  2
 1194.6238 1760.0585  2
 1305.7859 1761.6211  1
  111.9577 1762.4813  2
 1010.5773 1763.3181  2
 3229.6248 1763.3640  2
  139.8423 1764.2117  2
 1410.1074 1775.7106  2
 1334.5303 1776.2719  2
  141.9983 1776.3765  3
 1349.4557 1777.9564  1
 1253.3385 1778.7533  2
  483.5170 1779.7256  2
 3303.9512 1780.7732  2
 1239.9288 1783.0239  1
 1291.8215 1786.1279  2
 1348.7219 1788.7131  2
 1316.3333 1789.2335  1
 1399.7690 1791.6121  1
  372.6532 1792.0386  2
  170.7224 1792.5627  2
 1480.3164 1794.0975  1
  227.5238 1795.6165  2
 1434.7842 1796.1184  1
  147.7657 1797.1647  2
 3267.8992 1799.5967  2
 1556.2595 1802.5416  1
  281.7063 1803.9962  3
 1039.4115 1805.0142  2
  440.3181 1806.3816  2
 1076.6924 1810.5543  2
  313.9146 1810.9076  2
  473.5189 1811.6267  2
 1170.6832 1813.6989  2
 1214.1099 1819.4885  2
 1226.3400 1821.2180  2
 1413.7745 1821.9673  1
 1308.5162 1822.8314  2
  390.9946 1822.8971  2
 3153.4973 1826.1050  2
 3452.2668 1826.5100  2
  501.9311 1827.5829  2
 1322.6075 1828.2737  2
 1200.4998 1829.1998  2
 1362.8732 1832.3319  2
 1512.4617 1836.2396  1
  228.9430 1842.5353  2
 1492.0393 1843.8457  1
 1257.1807 1844.1597  2
  172.2486 1845.7504  2
 3222.5249 1849.6552  2
  407.5475 1850.0226  3
  399.4571 1852.1240  2
 1250.6390 1852.1726  1
  316.1691 1852.2080  2
  182.0992 1853.0975  2
  325.4868 1855.5287  2
 1235.0883 1855.6296  2
 1569.1519 1857.0074  1
 1529.9448 1859.4237  1
 3203.3157 1861.4166  2
  259.1519 1862.9529  2
 1114.8721 1864.3087  2
 1431.8071 1865.2634  2
 1559.7964 1865.7484  1
 1272.2429 1866.4280  2
  349.5034 1867.7687  2
  354.5540 1869.3134  2
 1575.1367 1870.0460  2
 1317.6140 1870.1592  2
 1257.8131 1874.0546  2
 1406.7836 1874.3621  1
 1551.6700 1874.4542  1
  260.0872 1876.8928  2
  269.6613 1876.9119  2
 1602.9596 1877.3649  2
  452.4111 1878.9489  2
 1236.3109 1879.0068  2
 3270.2715 1880.9731  2
 3471.1785 1884.4869  2
 1158.4419 1888.6600  2
 3382.3135 1889.6118  2
 1575.1296 1894.9253  1
 1506.0496 1895.2346  1
  455.2413 1898.6017  2
 3246.3994 1899.5723  2
 3358.8203 1899.7114  2
 1515.7092 1900.2089  1
 1357.8086 1900.9392  2
 1356.1562 1901.1372  1
 1251.9989 1905.3728  1
 3493.6223 1907.2961  2
 1584.9631 1909.1184  1
 1340.9291 1912.2087  2
 1469.9622 1912.5931  1
 3316.2610 1919.3278  2
  336.4081 1924.4332  2
 1333.2347 1926.8783  2
 1414.0325 1928.3923  1
 2895.6575 1928.5869  2
 3461.9221 1931.0577  2
 1278.7001 1932.7854  1
 1486.0088 1933.3168  1
 1424.1685 1937.6771  1
 1197.7712 1938.2275  2
 1241.2365 1939.3987  2
 3408.1101 1939.4448  2
 1358.6583 1941.5723  1
  368.4548 1941.8195  2
 1340.3978 1942.3489  2
 1339.9126 1948.0240  2
 1470.0396 1951.6151  2
 3484.7197 1953.7375  2
 1279.8440 1954.8163  2
 3120.0049 1957.4462  2
 1515.1687 1957.6359  1
 3190.7200 1961.1256  2
 1609.8708 1965.3021  2
 1283.6488 1966.3364  2
 3144.0872 1968.5845  2
 3270.9473 1970.9987  2
 1369.6018 1972.3746  2
 1585.5269 1973.4034  1
 3410.3992 1974.7208  2
 1593.5276 1980.0753  1
 3187.9072 1982.3749  2
 1600.4929 1985.7186  1
 3343.0498 1987.8986  2
 3141.2393 1989.5127  2
 1417.2584 1992.1859  1
 1423.9550 1997.9576  1
 1436.3278 2003.6982  1
 3192.5259 2008.0227  2
 2765.0774 2021.9177  2
 3240.2480 2024.7264  2
 3301.7456 2037.0391  2
 1546.4692 2042.1879  1
 3483.2351 2048.4958  2
 3456.8667 2078.4026  2
  994.4169 2127.6729  2
 1117.2467 2141.2583  2
 2796.5054 2163.2917  2
 2371.9705 2165.7183  2
 1084.5701 2195.8506  2
 1199.2557 2200.3953  2
  965.5101 2201.7617  2
 1078.2986 2229.2749  2
 2515.5574 2237.6401  2
 1137.0376 2239.0647  2
 1037.8040 2284.7046  2
 1124.7067 2308.4319  2
  908.1513 2323.4055  2
 1000.7991 2325.1897  2
  968.7719 2343.8975  2
  903.7759 2377.8774  2
  863.3415 2381.5989  2
  845.9831 2395.7095  2
 1020.8012 2403.3372  2
  962.0987 2409.3843  2
  933.9529 2425.6350  2
  987.7355 2426.4023  2
 2056.6104 2462.2261  2
  982.7838 2463.5798  2
 2058.8879 2489.9658  2
 2063.9705 2496.6387  2
 2026.1355 2550.1257  2
 2189.1475 2620.1497  2
 2073.6682 2625.4973  2
 2085.0015 2639.2144  2
 1941.0328 2647.9739  2
 2242.7424 2655.5864  2
  956.4692 2834.0378  2
  813.6909 2847.9617  1
 1023.3314 2854.3716  1
  989.0022 2856.5642  2
 1010.2299 2859.8232  1
  953.3082 2866.6936  2
  876.7047 2869.0867  2
 1047.8528 2869.2261  2
  826.9589 2869.8025  1
  746.8191 2870.1252  2
  842.5413 2873.3452  1
  783.8091 2874.3320  2
  762.4026 2884.3296  1
 1062.9269 2889.8887  1
  900.7731 2894.3342  1
  807.6479 2895.4880  1
  914.5172 2896.2805  1
  687.4401 2897.7415  2
  726.2837 2898.0220  2
  988.3859 2904.4443  1
  854.6859 2906.3071  2
 1023.7841 2909.0754  1
  921.4993 2915.8047  1
  723.2513 2929.4639  1
  878.7253 2932.4883  3
  952.3629 2948.8906  1
  930.7762 2949.8191  2
  783.6152 2964.1821  1
  833.5384 2967.5371  1
  762.6879 2971.6865  1
  698.0575 2975.0820  1
 1053.7838 2976.3474  1
  984.8058 2983.5618  2
  811.8567 2986.8657  1
  754.8655 2992.3528  1
  803.2222 3006.6082  2
  847.5321 3007.9690  1
  881.7469 3009.4111  1
  725.6138 3015.8210  1
  903.8889 3018.1721  1
 1019.2405 3027.1409  1
  874.3325 3037.0908  1
  718.6729 3037.6750  2
  909.8411 3039.0400  1
  717.2782 3068.3728  2
 1015.7458 3071.2185  1
 1074.0752 3075.5649  2
  949.7769 3080.6438  3
  792.6971 3084.4678  1
  990.9368 3086.1650  1
  689.5664 3100.3806  1
  698.3408 3114.3672  2
 2545.3193 3119.3677  2
 2539.3125 3132.5752  1
  496.4811 3150.7563  2
  524.0715 3181.1924  2
 2389.2239 3184.1714  3
 2483.4028 3196.8252  1
  517.5364 3200.6016  2
 1493.5411 3202.1902  3
  386.4200 3205.5903  2
 1493.9343 3210.1001  2
 2471.9312 3220.8997  3
  439.0661 3231.9082  2
 2469.3953 3234.6399  3
 2313.6743 3235.1040  3
  463.4533 3235.8325  2
 1508.3500 3236.4448  1
 2531.7573 3249.5425  3
  574.8972 3257.8862  2
 1394.5494 3261.9834  2
 1296.0919 3262.3716  2
  378.8722 3267.6370  2
  411.6874 3268.4807  2
 2522.4990 3272.5627  1
  408.4486 3272.5684  2
 1290.5458 3273.4319  2
 1364.2538 3276.2439  2
  504.3808 3278.9888  2
 2433.7708 3284.4319  1
 1378.7025 3284.8330  2
  558.1968 3287.3801  2
  360.2534 3295.2607  2
 2484.0867 3298.1421  3
 1345.4706 3303.3193  2
 2326.7024 3311.9292  3
 2329.7493 3323.2573  2
 1285.8970 3324.8169  2
 2336.2209 3333.4807  3
 1263.6995 3342.9368  2
  303.1363 3345.0972  2
 1205.0236 3345.9316  2
 2475.7944 3348.7607  3
 2343.9373 3351.4634  3
  330.6097 3358.2786  2
 1551.7485 3364.7920  2
 2382.1147 3370.4446  2
 2330.2319 3380.0347  3
 1318.3705 3385.7847  1
 2427.0835 3387.8918  3
 1470.1279 3388.1208  1
 1374.0356 3389.1460  2
 2380.6094 3395.4443  3
 1526.9142 3402.9949  3
 1182.7214 3404.9580  2
  315.6826 3407.0117  2
 2456.0793 3409.4697  3
  368.5400 3414.4834  2
 1446.7522 3420.8650  1
  446.5919 3430.4629  2
 1197.0652 3442.9329  2
 2554.6609 3445.9102  3
 1246.9272 3452.0518  2
 1305.8551 3464.3789  2
  417.7520 3466.4792  2
 1414.4686 3472.6567  2
  414.0629 3476.1123  2
  428.6316 3491.2319  2
 1271.4548 3521.6741  2
  424.4779 3548.2781  2
